u,v
175,274
259,262
291,262
310,260
263,282
288,298
304,295
235,303
245,310
251,307
249,296
269,310
284,307
199,248
211,223
221,202
